0,0.695397505,-0.548256064,-0.585186303,-0.098402833,-1.143804676,1.190626358,0.958093325
0,0.822971455,0.755090307,1.46931203,1.474283323,0.960318721,-0.898327234,-1.137294637
0,-1.336307833,-1.048118447,-1.230430981,-0.72258086,0.807086652,-0.76047736,0.919920354
0,0.503695308,-0.318430726,-0.077166502,-0.089543687,0.856400265,-0.794242837,0.978193927
0,0.362799246,-0.9650624,0.006719992,-0.613563905,-1.112610055,-0.756051863,-0.9662901
0,-0.270292658,-0.152659226,-1.242659668,-0.814942172,0.80357337,-0.761952501,-0.93618444
0,0.13324281,-1.182478721,-0.559680258,0.26887694,-1.129562113,-0.796018393,-1.009828427
0,-0.621334396,0.121882177,-1.267474675,0.763007915,-1.155732439,1.233901851,-1.012204282
0,-1.118770995,-0.015346139,-2.154223718,-1.243867888,-1.059106873,1.201466333,-0.893270156
0,0.971440605,0.005112188,-0.157966493,0.980848277,-1.176635676,1.280459192,1.026356792
0,-0.246091573,-0.341474332,-0.150762416,0.229123968,0.869008167,1.195692641,-1.020688618
0,-0.879862571,-1.238711086,-1.356588319,-0.04309015,0.842496396,1.190670053,0.949823052
0,0.637245151,0.232265956,-0.461043079,-0.413227817,-1.113086332,-0.80654347,-0.967784065
0,-0.180805688,0.729770293,-0.608476697,3.532308402,1.037789203,-1.005880545,-1.165358104
0,1.030710204,0.150247653,-0.041541559,0.810261166,0.902508169,1.236716376,-1.046245566
0,0.723562733,1.842848129,-0.416612624,0.774649488,-1.162941533,1.271540067,-1.032007898
0,0.632930974,0.457348603,-0.441659903,-0.096590146,0.845989496,-0.831638112,0.983418778
0,-0.055983921,1.172951914,0.26610469,-0.156658633,0.860584602,-0.839334855,-1.001414401
0,1.049713588,1.618204608,0.511739437,0.679461318,-1.181175583,1.259486514,-1.041981147
0,0.712936454,1.889159417,-0.072754935,0.108787308,0.872344798,-0.89554447,0.982280552
0,1.191971401,1.975975275,-0.267216004,2.391153084,0.984323357,1.370496822,-1.115339956
0,0.605766018,0.292121029,0.450772653,1.225693003,-1.193689882,1.296511665,-1.090870225
0,-0.181951896,-0.825219635,-0.613741004,-0.163304479,0.856930155,-0.780094854,-0.977770022
0,-0.146723289,-0.614977504,0.999760696,-0.038221386,0.892107146,1.200888593,0.992328623
0,0.321723165,-0.917694286,1.487255137,-0.260357064,0.887178067,1.160686501,-1.01300107
0,0.67126638,0.522560265,0.302425338,0.865440486,-1.186994824,-0.861590881,-1.04734001
0,0.570670216,-0.897501108,0.198235421,0.223483974,0.873181327,-0.795772116,-1.058207194
0,-0.885600233,0.118864884,-0.841071937,-0.300937932,0.8386207,1.177505371,-0.968710908
0,-0.669914559,-0.511685985,-1.110044462,0.747276202,0.875970509,1.242798943,1.015118458
0,-0.504643152,0.072044336,-0.030032646,0.722493249,-1.191452403,-0.842886349,-1.031872122
0,0.960744562,0.252069801,0.185756216,0.478654018,0.905953422,1.216973825,-1.024667261
0,0.769262097,-1.110574208,0.041436675,1.654257033,0.943755495,-0.879261784,-1.100930962
0,-0.52366,-1.277479382,-0.583693742,-0.371371803,-1.132368565,-0.763882527,-0.96638391
0,1.310627508,-0.80398323,-0.494763827,2.014261623,-1.21514048,-0.930557394,1.11086425
0,-0.985045603,-0.857047934,0.299660984,-1.086313621,0.8358869,-0.733357018,0.925331739
0,-0.181263237,0.730976103,-0.609187151,3.527281112,1.03894959,-1.004835322,1.142537249
0,0.723388618,1.842336776,-0.416312915,0.774493193,-1.162908827,1.271466916,1.009987502
0,0.632622959,0.45771977,-0.441819485,-0.096930242,0.84598201,-0.831651049,-1.005324698
0,0.712749276,1.894199354,-0.073148971,0.108436992,0.872376457,-0.895729428,-1.004262024
0,0.604294658,-0.34178294,-0.950307435,-0.811470406,0.846478424,-0.757803194,-0.937329072
0,1.945194733,-0.614507139,-0.194194898,0.711311324,-1.169267559,-0.849641352,-1.030530015
0,-0.29182272,2.528636072,0.804145625,1.056792131,0.926799857,1.311366969,-1.101709501
0,1.841322559,0.757784861,1.108181098,0.802513636,-1.206524813,-0.872382302,1.035748927
0,0.896089737,1.430338063,-0.193442512,-0.212918861,-1.109563521,-0.831359821,-1.000935697
0,0.934057419,2.062963825,0.092264667,0.94614245,0.929175059,1.361065325,-1.046245157
0,1.117733232,-0.565082131,-0.440931599,0.48186013,-1.14435246,-0.835526384,0.997846901
0,-0.025815332,-0.26800039,0.153840789,-0.303121519,0.846100864,1.166111457,-1.014082029
0,0.661616588,-1.33388647,-1.018772057,-0.999020611,-1.070440593,-0.725186493,-0.928404698
0,1.448056276,-1.120434671,-0.451351679,-0.096476179,0.888960676,-0.775689658,-0.982599983
0,0.543897619,-0.563008747,0.974368171,1.832338006,-1.313634526,-0.901778854,1.083971598
0,0.444413118,-0.731184642,-0.796695047,-0.46023974,0.832771532,-0.766567384,-0.960954387
0,1.850580653,-0.3595024,0.088204172,0.558752372,-1.163511356,-0.827446709,-1.029396496
0,-3.513616739,-2.0145359,-2.481245373,-1.750358545,0.723941397,1.062061158,-0.88678234
0,1.044821609,-0.696884682,0.09218253,-0.099570656,-1.13198725,-0.824281991,0.973608129
0,0.399009744,-0.380441572,-0.028696742,0.426706209,-1.177213595,1.210406911,0.994960982
0,0.414040371,0.201895526,-1.252681969,-0.083731812,-1.166993409,1.217350452,0.946172151
0,-0.504644236,-0.927445664,-0.596491892,-1.047945762,0.86016345,1.135474469,-0.93195117
0,0.869138213,0.847225535,-0.304500685,0.278371618,0.873947954,1.22218397,-1.010401933
0,-0.193733807,0.432853062,-0.23170058,0.635988322,-1.158855244,-0.855835305,1.006813696
0,1.148256882,-0.080344713,0.931917352,0.314655274,-1.155809272,-0.829328956,-1.105667275
0,1.290241774,0.689850959,0.036992391,0.224612397,-1.13705489,-0.864456756,-1.022464773
0,0.474119705,0.428627106,-0.407384756,1.422742755,-1.188481841,1.303546275,-1.077961321
0,0.02591553,0.00078808,-1.284560997,1.142539563,0.901229139,1.2452697,-1.034155106
0,0.233084562,-0.425770978,-0.368217772,0.695073649,0.904240463,-0.836287821,-1.025632381
0,0.644080565,0.220458749,-0.176635566,0.993532822,-1.173999156,-0.898563808,-1.052245559
0,1.341882207,0.232924639,4.816231501,2.497207364,1.085441596,1.316573518,1.192968667
0,0.770439033,-0.963772691,0.901971237,-0.566269429,0.846738627,-0.756924297,-1.016202357
0,-0.879805083,-1.238810463,-1.356445347,-0.041692639,0.842597169,1.190796798,-0.971922661
0,0.637154856,0.231817049,-0.46111945,-0.413055152,-1.113105915,-0.806534766,0.945751073
0,1.030885932,0.151097068,-0.042026676,0.809170626,0.902441693,1.236656043,1.024147555
0,-0.055547495,1.17583625,0.264893392,-0.15614749,0.860627788,-0.83941298,0.979324507
0,1.049957912,1.619328134,0.512070831,0.679381726,-1.181164184,1.2595065,1.019948897
0,0.69543782,-0.548018292,-0.585180899,-0.098270777,-1.143802052,1.19064577,-0.980138681
0,0.823504812,0.755296797,1.468822098,1.473840938,0.96029703,-0.898310538,1.114692988
0,1.192064695,1.972370792,-0.267219033,2.396811839,0.98460736,1.370510722,1.093587174
0,-1.336305302,-1.050159995,-1.229528175,-0.721910503,0.807156398,-0.760472805,-0.941995441
0,-0.181511455,-0.825108791,-0.613526815,-0.163070508,0.856790443,-0.780078394,0.955776051
0,0.503603858,-0.318296759,-0.077782934,-0.089902587,0.856386137,-0.794230907,-1.000174025
0,-0.146965352,-0.615115045,0.993351009,-0.0383515,0.891751411,1.200587955,-1.014291079
0,0.321684462,-0.917141059,1.489714762,-0.260476457,0.887341517,1.160702902,0.99096489
0,0.670916732,0.522465955,0.301204995,0.864991367,-1.186970544,-0.861553971,1.025250376
0,0.362835017,-0.964990005,0.006802312,-0.613436583,-1.112667163,-0.756051777,0.944252934
0,0.56955408,-0.901157281,0.19882302,0.221771998,0.873107063,-0.795597531,1.035940264
0,-0.270128014,-0.152757065,-1.243098701,-0.814401211,0.803570913,-0.761974446,0.91417763
0,0.133307226,-1.181257767,-0.558832228,0.269107345,-1.129542481,-0.796023551,0.98791324
0,-0.621534078,0.122250306,-1.26749516,0.762181792,-1.155707519,1.23388908,0.990120772
0,-1.118919504,-0.015691955,-2.154159112,-1.243814055,-1.059011416,1.201449782,0.871237535
0,-0.885583839,0.119970079,-0.841128632,-0.301467959,0.838608311,1.177501261,0.946637718
0,0.971411506,0.005109661,-0.157664829,0.980436631,-1.176626227,1.280555768,-1.048375074
0,-0.246442275,-0.342004842,-0.151962397,0.229945197,0.869057416,1.195758183,0.998545867
0,0.605720331,0.291554537,0.451367363,1.225560555,-1.193702396,1.296512763,1.068743777
0,-0.524574867,-1.277948073,-0.584638872,-0.371493498,-1.132706455,-0.763824718,0.944315028
0,0.603845274,-0.34085255,-0.949901163,-0.811450257,0.846453489,-0.757823621,0.915299558
0,1.944935298,-0.614270369,-0.194157174,0.711435016,-1.169234317,-0.849578673,1.008510796
0,-0.291592029,2.530233303,0.805193374,1.05639768,0.926800687,1.311211396,1.079619633
0,1.841104158,0.75792029,1.106864588,0.802999661,-1.206697423,-0.872475394,-1.057767876
0,0.895843076,1.430640601,-0.193505895,-0.213016358,-1.109560877,-0.831377178,0.978870031
0,0.933684973,2.064914044,0.092949486,0.945174053,0.929149384,1.363294061,1.024169466
0,1.117474181,-0.565330891,-0.441079882,0.481645503,-1.1443444,-0.835510107,-1.01986471
0,-0.025839561,-0.266761264,0.154904406,-0.302856276,0.846124099,1.166156468,0.9922912
0,0.661303387,-1.333623859,-1.018749948,-0.99929407,-1.070433939,-0.725181406,0.90635158
0,1.448131109,-1.119941518,-0.451719096,-0.096021612,0.889260132,-0.775738106,0.960574264
0,0.543603425,-0.563031049,0.973100163,1.832049311,-1.311365626,-0.901783705,-1.105972658
0,-0.669867527,-0.51165266,-1.110401053,0.746301631,0.87592709,1.242855539,-1.036967146
0,0.443683457,-0.730701985,-0.796535455,-0.460676523,0.832787427,-0.766561748,0.938883829
0,-0.504420301,0.072836695,-0.030419098,0.721779551,-1.190755692,-0.842875304,1.009816103
0,1.850402914,-0.35958292,0.088470261,0.558632092,-1.163489036,-0.827434037,1.00736727
0,-3.514119464,-2.015336784,-2.479301761,-1.750922856,0.723947591,1.062016222,0.86477118
0,1.044850995,-0.696493114,0.091794994,-0.099534686,-1.131974379,-0.824312291,-0.995643928
0,0.398418812,-0.380639547,-0.029152579,0.427024757,-1.177127491,1.210429506,-1.017010197
0,0.413896494,0.20201042,-1.252658569,-0.083635808,-1.166504177,1.217341965,-0.968216164
0,-0.504746911,-0.927382783,-0.598081478,-1.047615224,0.859601056,1.135480352,0.909900544
0,0.869006874,0.845862496,-0.305002939,0.277932011,0.873906908,1.222124883,0.988340473
0,-0.193525949,0.434188704,-0.232396229,0.633798607,-1.158730747,-0.855772253,-1.02872958
0,1.148030666,-0.080395294,0.931603143,0.314487615,-1.155795093,-0.829328895,1.083210335
0,1.289860294,0.690691895,0.036131942,0.224605875,-1.1370267,-0.864419198,1.000450124
0,0.473583489,0.427375236,-0.407981003,1.422003629,-1.188415405,1.303609254,1.055969705
0,0.025857608,0.000733561,-1.284533052,1.14059415,0.90103835,1.245178382,1.012078706
0,0.232473784,-0.425660223,-0.36832878,0.6941325,0.904112084,-0.836229307,1.003560284
0,0.644250237,0.221279986,-0.176663245,0.993549984,-1.173976556,-0.898757781,1.030246368
0,1.341643482,0.232647959,4.814409427,2.495085052,1.086747842,1.316443855,-1.21421377
0,0.770460699,-0.963557427,0.90072697,-0.565889874,0.84673356,-0.756954275,0.994183433
0,0.960674193,0.252741293,0.185792629,0.477809761,0.905877563,1.216947157,1.00259224
0,0.769200127,-1.110644646,0.041523505,1.653414363,0.943712114,-0.879231273,1.078869754
0,1.310687901,-0.803931134,-0.494589622,2.013624559,-1.21511032,-0.930585047,-1.132986584
0,-0.985292844,-0.857075719,0.299080903,-1.086268531,0.835939267,-0.733354145,-0.947357326
1,-2.137737646,0.909107616,-0.511500817,-1.336718898,0.860086605,1.150531819,0.89696583
1,0.009309895,-1.27198533,0.340688114,-0.38225276,0.868659066,1.140912939,0.961805427
1,1.372890949,2.015784303,0.334335612,1.243701245,0.932409161,1.298469577,-1.073466358
1,0.520215236,-0.28067051,0.422448553,0.314765805,-1.148431219,-0.882424375,1.013626556
1,1.376868369,0.735278036,2.369958542,0.395192278,0.936208957,1.27538445,-1.062602102
1,0.836234039,0.824292176,1.233124041,3.448159827,-1.346254747,-1.000171532,1.170763229
1,0.531263468,1.028484602,-0.381068228,-0.039728004,0.907657672,1.210207572,-0.986670607
1,1.051341753,-0.072026291,0.517175918,0.181506903,-1.141425821,-0.813442781,1.036503653
1,0.742892405,0.2419891,1.171879436,1.188525315,0.947666376,1.255467309,-1.083601928
1,-0.05430399,1.86734467,0.401862521,0.517390049,0.90013684,1.306171724,1.012811037
1,-2.011606167,-1.160480078,-1.260595145,-1.568036076,0.759400826,-0.725797585,0.881979103
1,0.231195249,0.178089419,-0.56082859,-0.484367815,0.828335184,1.200848472,-0.969818531
1,0.844061505,-0.038841765,-0.605735183,0.24847027,0.87497793,1.201539039,-0.999263911
1,-0.700801601,-1.682731176,-0.237730595,-0.30609538,0.875523562,1.166791396,0.954117144
1,0.504088367,1.368100148,1.724444662,1.217118611,-1.223260139,-0.92008898,1.073806675
1,-0.723846704,-1.089233742,-0.688641,-0.84018271,0.805976829,-0.827059748,-0.953325543
1,-2.682629362,-0.656592354,-0.60014424,-0.74710514,0.809134162,-0.767463375,0.975619359
1,-0.857181088,-1.168585026,-0.204138776,-0.348954612,-1.101074253,-0.760597841,0.998692419
1,-1.260587515,1.474319665,-0.192404664,0.254499932,0.873107966,1.293485856,0.991093332
1,0.127170056,0.476525631,1.099864693,0.743804958,0.939990707,1.269787128,-1.054578398
1,-1.446751467,0.558004439,-0.618593786,-0.671124613,0.846266926,-0.787572747,-0.950818159
1,-1.809094739,-1.986214131,-1.652848972,-2.473750776,0.703985672,1.046095032,0.835793153
1,0.135922257,2.394002638,1.237740011,0.733160816,0.929145934,1.281609372,1.037699822
1,0.280518465,1.615537522,0.596779179,0.063917079,0.937025175,1.252861766,-1.010074553
1,0.611936524,0.425828213,-0.607228548,-0.243799911,0.836618034,-0.8055848,-0.988132165
1,0.78575881,2.582653895,2.152117385,1.717259261,1.004298666,1.335554268,1.101692892
1,0.66819189,0.966087235,0.998037655,0.416944824,-1.169319029,-0.865678322,-1.041972362
1,-0.236106917,0.453251696,2.178485891,0.01045297,0.913419156,1.283071305,1.017572058
1,0.096388424,-1.410547438,-0.652412506,-1.25212977,0.816890295,1.108673881,0.898915042
1,0.423118937,2.449776644,2.913776644,1.455446394,1.025685957,1.324591733,1.101316277
1,-0.191467771,-0.893094174,-0.389737753,-1.275095323,0.793889842,1.113983404,0.908589189
1,-0.260485336,1.126965736,0.126842613,0.03593809,-1.145921407,-0.835300459,0.979416232
1,-1.254563737,0.113021762,-0.283256566,0.064319946,-1.139174671,-0.817237415,0.97329577
1,-2.058061996,1.152530439,0.998740175,-0.142896417,0.875393678,1.215742491,0.993187791
1,0.654273497,1.668232891,0.320369902,0.203336235,0.885387443,-0.855414725,-1.015915664
1,0.609669024,-0.077604351,-0.200657068,1.562529202,-1.2001568,-0.882575911,1.063621236
1,0.657487247,-0.070726062,0.881411204,0.99387175,-1.197269037,-0.86403437,1.045929938
1,-0.477487049,-1.387570038,-0.971977798,0.015385664,-1.105175493,1.167338578,0.99822269
1,0.054022944,0.966231025,-0.883791477,-0.56134541,0.821086917,-0.803716028,0.934977673
1,-1.353793104,0.473347141,0.468326356,-0.450277656,0.845735403,-0.795996595,-1.000480791
1,-0.006909443,0.201423384,2.093191662,0.456780613,0.920528224,1.219653222,-1.099013832
1,0.532254081,1.967747701,3.320044513,2.807023194,1.092304225,-0.999328784,-1.199181551
1,-0.247002958,1.453371054,0.794113986,0.66024096,0.970841619,1.254591979,1.02169381
1,-2.322543264,-0.864687341,-0.895803886,-1.012333826,-1.090354713,-0.735718797,-0.928432636
1,0.48981412,-1.119997372,-0.364192883,-0.465133032,0.828497703,1.13898009,-0.991626368
1,-0.276650946,-0.828415316,-1.262970522,-1.095687713,-1.066263913,-0.747858231,0.896148421
1,0.258313891,-1.191808273,-0.406032947,-0.523405011,-1.090012374,-0.757055165,0.958576532
1,-1.13353435,-1.024269448,-0.134587649,-0.611327407,-1.096733031,-0.790392485,0.946591176
1,1.050814434,0.389845986,0.931364485,0.225566172,-1.151731808,1.213636962,-1.055555078
1,0.756970047,0.53094011,1.122007658,0.446084764,0.965150177,1.253191152,1.017031913
1,-0.240983264,1.294325273,0.498506044,0.58513506,-1.193863328,-0.865319069,-1.03482639
1,-1.320793722,-0.454644275,-1.03317564,-1.507949872,0.762576234,-0.741235076,-0.948391847
1,-1.589572593,0.362875427,-1.12725562,-1.451866074,0.764872198,1.128996559,0.90054284
1,-0.376673233,1.14604268,0.091207338,-0.143788574,0.88333027,1.214176601,0.968627773
1,-0.419265936,0.46845162,-0.139356494,-0.399865148,0.836349664,-0.877634264,0.973488507
1,-0.629206256,0.22008834,0.090576858,-0.58521145,-1.099474505,-0.784239241,0.955312988
1,-1.46308881,-0.322615482,0.325991892,1.962500956,-1.228308515,-0.901786996,1.107907422
1,0.419760365,-0.957591308,-0.818311287,-0.22618236,0.832061498,1.153435847,-0.99540017
1,-1.287768726,-1.143552141,-0.243673916,-0.645020168,-1.113551833,-0.795502747,-0.959366609
1,0.255117936,-0.003598519,0.306968643,0.07758122,-1.171320813,-0.838986585,0.98350925
1,-0.40479905,0.165657582,-0.995002205,-0.974451002,0.796139268,-0.788856158,0.914110497
1,0.081663734,-0.017371023,0.548070205,-0.186107171,0.873350898,-0.811997431,0.977210439
1,-1.013483627,0.307568047,-0.063716406,0.167587478,0.891522656,1.20370408,0.981685453
1,0.231245425,0.176075689,-0.561849356,-0.484567278,0.828301479,1.200572106,0.947757601
1,0.84454989,-0.038905528,-0.605870934,0.248042228,0.874988583,1.201508799,0.977192398
1,-0.700131061,-1.68241089,-0.238995197,-0.307109273,0.875173545,1.166573582,-0.976087722
1,0.50416646,1.366384313,1.723453941,1.216638431,-1.223207283,-0.9200365,-1.095812317
1,-0.723798174,-1.089112813,-0.688084833,-0.840088465,0.805992717,-0.827136738,0.931300426
1,-2.689424237,-0.667271197,-0.606243483,-0.7601908,0.808357606,-0.766606379,-0.997000404
1,-0.859550736,-1.17317435,-0.212794986,-0.354784487,-1.100628776,-0.760198977,-1.01914735
1,-1.260354558,1.476649589,-0.192826257,0.253940187,0.873076172,1.293562592,-1.013090119
1,0.127669064,0.474318716,1.096795353,0.744733046,0.940211959,1.269779854,1.032506215
1,-1.445729816,0.556278568,-0.621506208,-0.668847427,0.846212363,-0.787675468,0.928844121
1,0.136048787,2.39192988,1.239501171,0.733218587,0.929207724,1.281575959,-1.059760765
1,0.280590514,1.615998669,0.597227357,0.064020398,0.937105618,1.252937028,0.988049601
1,0.609394531,0.411031634,-0.610187251,-0.24948631,0.83628369,-0.804866347,0.965718755
1,0.785951487,2.578759663,2.148174836,1.717675144,1.004305523,1.335476623,-1.123668558
1,0.668510957,0.966459233,0.998530523,0.417542357,-1.169367893,-0.865710796,1.019964179
1,-0.235981747,0.453535668,2.183488151,0.009974168,0.913471893,1.283186169,-1.039684905
1,0.095700384,-1.411216707,-0.653234408,-1.252957846,0.816852103,1.108633942,-0.920895866
1,0.4232608,2.443890133,2.910829774,1.456565162,1.025851078,1.324672037,-1.1233529
1,-0.191376348,-0.893522535,-0.390046245,-1.275078729,0.793876761,1.113982224,-0.930629798
1,-0.260326298,1.125687613,0.126820772,0.035684494,-1.145883377,-0.835247676,-1.001445641
1,-2.058144245,1.15291292,0.997139733,-0.144140294,0.875285225,1.21569,-1.015153389
1,0.654463251,1.668570447,0.320900475,0.203516295,0.885423551,-0.855431481,0.993887808
1,0.609758839,-0.076971381,-0.200520331,1.562231176,-1.200188881,-0.882608473,-1.085490083
1,0.657701146,-0.071027115,0.881035401,0.993933713,-1.197228921,-0.864009132,-1.067993477
1,-0.477434138,-1.387285368,-0.972152925,0.015960399,-1.105202168,1.16736188,-1.020227519
1,0.054267429,0.967161662,-0.884022996,-0.561304698,0.821090788,-0.803721071,-0.957008768
1,-2.137663508,0.910331722,-0.511407429,-1.336659366,0.859555659,1.150481953,-0.919009146
1,0.00959159,-1.271460181,0.342322095,-0.381486466,0.868754959,1.140964318,-0.983910009
1,1.372679965,2.015156526,0.334468453,1.243149526,0.932357382,1.298418476,-1.073479773
1,0.519842598,-0.279892777,0.424004921,0.314349894,-1.148431691,-0.882410448,-1.035704495
1,1.376724886,0.734887277,2.368819002,0.395139465,0.936187005,1.275419591,1.040539157
1,0.836130167,0.824211029,1.231910586,3.44435511,-1.346262073,-0.999929096,-1.192570977
1,0.531079663,1.028245872,-0.380925909,-0.039872563,0.907599398,1.210192994,-0.986666137
1,1.051208112,-0.072129795,0.517218711,0.181188842,-1.141410128,-0.813423795,1.036522814
1,0.742777402,0.242358639,1.171988592,1.189066684,0.947706746,1.255502497,1.061583164
1,-0.054679207,1.866956422,0.40056195,0.517212239,0.900105726,1.306230448,-1.034814585
1,-2.01226317,-1.160679296,-1.261193844,-1.568459293,0.759372162,-0.725836477,-0.90397758
1,-1.808560271,-1.984012549,-1.649795826,-2.472492646,0.704114832,1.046164319,-0.85791264
1,-1.254687397,0.111583057,-0.283361497,0.063643702,-1.139100537,-0.817149811,-0.995304999
1,-1.354112639,0.474408423,0.467252487,-0.450568711,0.845693038,-0.796014029,0.978449614
1,-0.007172094,0.201241531,2.09096898,0.456903925,0.92048668,1.219633786,1.077337811
1,0.532063155,1.965960148,3.320969485,2.805498792,1.092576625,-0.999157695,1.177067072
1,-0.24677392,1.451303111,0.794701629,0.661260477,0.970487693,1.254594041,-1.04379506
1,-2.32299097,-0.864453467,-0.896665715,-1.013431279,-1.090265786,-0.735666929,0.906323509
1,0.48973412,-1.119931394,-0.364038794,-0.465196607,0.828496255,1.138977055,0.969601933
1,-0.276806296,-0.828445279,-1.263168777,-1.095893577,-1.066255987,-0.747855478,-0.918172075
1,0.258268147,-1.191842977,-0.405761327,-0.523269441,-1.090026994,-0.757059183,-0.980611821
1,-1.133755688,-1.024323048,-0.135386635,-0.611519291,-1.096711484,-0.790411953,-0.968602388
1,1.050558166,0.388923058,0.932699117,0.225202554,-1.151737831,1.213598553,1.033535942
1,0.75672503,0.529355981,1.121854846,0.445822386,0.96577059,1.253355324,-1.039053206
1,-0.241299985,1.298336069,0.498021942,0.584960143,-1.193924247,-0.865406801,1.012767069
1,-1.321139138,-0.447523061,-1.035094202,-1.508171171,0.762531761,-0.741585948,0.925992738
1,-1.589694383,0.362059294,-1.126618593,-1.451935152,0.76487859,1.12898236,-0.922604179
1,-0.375532025,1.16243712,0.092399502,-0.14032205,0.884456245,1.214377834,-0.99082063
1,-0.419546139,0.468126115,-0.139651852,-0.400202441,0.836323058,-0.877556649,-0.9955391
1,-0.629263036,0.221482907,0.090984747,-0.585586838,-1.099461928,-0.784240317,-0.977342017
1,-1.46320629,-0.323030396,0.326401556,1.960642747,-1.228273655,-0.90185819,-1.128958853
1,0.419786278,-0.957696243,-0.818177063,-0.226255573,0.83206118,1.153429772,0.973349228
1,-1.287605324,-1.143606682,-0.243947879,-0.644578979,-1.113556134,-0.795583401,0.937346104
1,0.25490024,-0.004094409,0.307251709,0.077399436,-1.171322557,-0.83895925,-1.005543655
1,-0.404610409,0.165101271,-0.994518553,-0.974122443,0.796168478,-0.788847958,-0.936170098
1,0.08144471,-0.017519555,0.547791898,-0.186274885,0.873343301,-0.81195861,-0.999233343
1,-1.01372113,0.307801105,-0.064223624,0.168003546,0.891507261,1.203719592,-1.003737421
2,0.709303882,2.080193751,0.823105556,0.75545135,-1.176941764,1.311751895,1.051469631
2,-0.939020496,0.512908183,-1.182441706,-0.597483775,-1.081813945,1.17476297,0.92530778
2,-1.709644873,-1.852161213,-1.30414642,-1.780111143,0.749222533,1.060275887,-0.890382296
2,1.389229341,-0.70661345,-0.401718798,-0.140773448,-1.11752885,-0.78703628,-0.985879221
2,-0.939644743,0.450636026,-1.02386825,-1.171968277,0.781101966,1.169162601,0.915588856
2,-1.28283445,-0.374468718,-0.799549819,-1.139161521,0.808062309,-0.740798151,0.902626429
2,-1.249399289,-1.750525368,-0.284022659,0.53798766,-1.144435857,-0.834926666,1.040855215
2,-2.414093195,-1.020070056,-0.912490307,-0.435875591,0.822907601,-0.801479203,-0.967932578
2,-0.025016197,-0.752548525,-0.171810108,-0.362870305,-1.108828549,1.151608146,-0.980238026
2,0.048556068,0.644979726,0.309149023,0.508649595,0.902366353,1.228027648,-1.030296999
2,0.947144064,-1.487368602,-0.153812364,0.741477282,-1.170846501,-0.867267314,-1.033022205
2,-0.605466086,-0.846585244,1.380527294,1.036214202,1.016037577,1.218432305,-1.073541803
2,0.885637365,0.296415425,1.06047968,0.544249488,0.917485229,-0.840297318,-1.046376477
2,-1.460243787,-1.88995873,-1.365161631,-0.640133332,-1.083432669,-0.734966882,-0.93974776
2,-1.977641208,1.014512044,0.104623264,0.454564608,0.88568691,-0.858958755,-1.03495663
2,-1.671161105,-1.204693939,-1.67288017,-1.614729404,-1.023645408,-0.709408384,0.864107174
2,0.618301412,2.103638708,2.059956146,0.735628894,-1.198366523,-0.895126537,-1.112403634
2,-1.199420768,0.107428521,-1.807189541,-1.664337273,0.741529381,1.109902497,0.876317695
2,-0.270197383,0.084659883,-0.314406884,-0.209555684,0.843829413,-0.803673234,0.973276731
2,-2.04792436,-0.839726409,-0.150069388,-1.256572722,0.792175245,1.105736916,0.938985977
2,0.642682917,0.541748251,-0.744336628,-0.691074755,0.81365542,-0.790382975,0.935233934
2,-0.556638215,0.867915989,0.380255674,-0.599881894,0.842418637,-0.812160759,0.956900124
2,-1.852463307,-0.849900751,1.193226221,-1.071892947,-1.090928925,-0.925229083,-0.997692858
2,-0.846847091,-0.125203756,-1.05625283,-0.449212847,-1.120817782,-0.853535336,0.93161176
2,-0.037332301,0.00662189,0.204763057,0.21097672,-1.137652334,1.197933735,1.014770008
2,0.498931995,1.32227736,0.743299517,-0.070343855,-1.157995615,1.216784798,-1.006864141
2,0.482324391,-0.668989529,0.342244152,0.176503011,0.874843526,1.203589934,1.008951432
2,0.248607608,0.996179199,-0.263927516,-0.680161318,0.818801599,-0.796271399,0.987477026
2,-0.829656132,0.745276717,-0.206978461,-0.356388686,0.83676647,1.201174131,0.980507378
2,-1.099030121,-0.329102679,-0.598035411,0.463915885,0.875287925,1.214136781,0.995216638
2,0.504064243,-0.85368456,-0.61240523,-0.696765434,0.815929139,-0.753373132,0.937244217
2,0.926206213,-0.598372476,-0.07817385,-0.328355743,0.841669511,-0.800561421,0.974393755
2,-0.30190692,1.30279185,2.008962419,1.43163506,0.983517945,-0.915218713,1.085457915
2,-1.220541841,0.100278408,-1.820402473,-1.679688527,0.740498273,1.108999657,-0.897386648
2,-2.499571029,0.175351962,-0.619259663,-1.242182689,-1.048167873,1.131099569,0.943220977
2,-0.444482783,1.760043557,2.572200717,0.786631707,0.946873144,-0.890377944,1.085944891
2,-1.266747355,-0.834531663,-1.221934337,-1.074832332,0.800405205,-0.752279521,-0.920450094
2,-0.670363766,0.195974581,-1.170362335,-0.709109324,-1.070393598,-0.788921951,0.92448778
2,-0.729794696,-1.325963358,0.123085251,-0.040181462,-1.141282161,-0.772436806,0.975645359
2,-0.308263558,0.351773374,-0.580012736,-0.359261411,-1.099197799,-0.808957064,-0.975028717
2,0.693729782,-0.819060683,-0.314633926,-0.683050293,0.818271846,-0.768625989,-0.983495089
2,0.725964519,-0.838949196,-0.693872576,-1.101835403,0.789382954,-0.731507222,0.997317882
2,-1.513447768,-0.419278287,-1.782811654,-1.651928174,0.76384951,-0.714455714,0.858524174
2,-0.455921107,0.15321535,0.553514693,-0.330048244,0.857078915,-0.824220664,0.976174606
2,-0.226964688,1.751786087,0.88186522,1.223665489,0.939352712,1.290065791,1.065359755
2,-2.994292504,-0.046301271,-0.063811939,-1.864183979,-1.040251322,1.094931986,0.881825902
2,-1.529747588,0.279013646,-0.230955653,-0.260850375,-1.105150969,-0.908728554,0.994335959
2,-0.095988683,2.528873122,1.111112789,0.429794888,-1.166033729,-0.887797021,-1.060867606
2,-0.07851758,0.342791116,1.275570575,-0.14690993,-1.153438379,1.225015295,-1.014725806
2,0.115922573,0.852425085,-0.786957039,-0.805630884,0.802640012,-0.790723753,0.97865641
2,-1.583775913,-0.408180817,-0.852744469,-0.830207232,-1.069016326,-0.767827556,-0.94814406
2,-0.937783568,0.700320893,-0.934247934,-1.168552506,0.782637769,1.164003343,0.919714697
2,0.169084963,2.807807898,0.911878672,1.175921638,0.959350244,1.312664536,1.050668356
2,-0.176139538,-1.688373297,-0.308194449,0.246146064,0.915597111,1.159274654,0.980396297
2,1.533176819,-0.563373063,-0.317699392,-0.335089717,0.848133588,-0.776163322,0.954101393
2,0.368294568,-1.128527835,-0.970267643,-0.126851004,-1.123727441,-0.790378911,0.950026705
2,0.865196886,-0.047140823,0.005074912,-0.351349936,0.841281958,-0.78793226,-1.002835197
2,-1.260778241,-0.269296988,-0.766151111,-1.293530122,-1.089715409,-0.757081123,-0.916520842
2,-0.346252163,0.12377708,0.129220095,-0.472354552,0.837038638,1.221751631,-1.00608946
2,0.723138535,0.644175284,0.709624156,0.2158158,0.905202833,-0.831665825,0.99881047
2,-0.455934706,-0.860242436,-0.914649646,-0.260914007,0.877853961,-0.772565451,0.943615073
2,-1.669718631,-0.421090309,-0.942366225,-1.121032023,0.786942253,-0.769178968,-0.934697577
2,-3.939801764,-2.125996641,-1.689178125,-2.430412797,0.709571103,-0.650881849,-0.849959583
2,-1.451242398,0.520788994,-0.4014569,-0.608532423,-1.102935383,-0.790379939,0.937264202
2,-0.607699467,-0.845174657,1.375028682,1.017506649,0.996612626,1.217638115,1.050478286
2,0.885736025,0.296705981,1.061056384,0.544187329,0.917484223,-0.840301207,1.024349387
2,-1.460094743,-1.890685757,-1.366168353,-0.640331202,-1.08344352,-0.734959576,0.917673718
2,-1.977316497,1.017174117,0.103562528,0.454525507,0.885712627,-0.858994166,1.012743118
2,-1.674589737,-1.211846386,-1.678950606,-1.620602753,-1.023288959,-0.708875439,-0.885720114
2,0.618431643,2.105089964,2.060095447,0.735198189,-1.198346564,-0.895161812,1.0903961
2,-1.199973609,0.109258794,-1.807168855,-1.665098325,0.741496117,1.109898319,-0.898287172
2,-0.269945684,0.084919017,-0.314436522,-0.209464794,0.843835928,-0.803695311,-0.995309294
2,-2.047818726,-0.839348967,-0.149461827,-1.256699331,0.792183549,1.105741807,-0.960955502
2,0.642841118,0.541834801,-0.744175304,-0.691023377,0.813665592,-0.790392816,-0.957269854
2,-1.85354773,-0.850407994,1.191737095,-1.073537726,-1.090821455,-0.915546484,0.975442543
2,-0.846864489,-0.125179032,-1.056094906,-0.449856427,-1.120802903,-0.853436964,-0.95362048
2,-0.037206779,0.007037603,0.204951672,0.210514736,-1.137625814,1.197920804,-1.036880171
2,0.499123887,1.323526788,0.743072716,-0.070367268,-1.157970072,1.216813432,0.984822097
2,0.482504137,-0.669046565,0.341797279,0.176653985,0.874846764,1.203585744,-1.030963411
2,0.248762187,0.997190652,-0.263850947,-0.680055158,0.818807844,-0.796302359,-1.009636645
2,-0.829687025,0.748608093,-0.207606427,-0.356975297,0.836728456,1.201239507,-1.002447751
2,-1.098791146,-0.328448594,-0.597501532,0.464974316,0.875341794,1.214228986,-1.01733317
2,0.504404264,-0.853598871,-0.611590117,-0.696402267,0.815952809,-0.75337949,-0.959333242
2,0.926277459,-0.598098596,-0.078169525,-0.328290705,0.841671741,-0.800579062,-0.996441802
2,-1.222211706,0.10276356,-1.820950901,-1.681430441,0.740405185,1.108980708,0.875216505
2,-2.499874348,0.174922984,-0.621176093,-1.243987008,-1.048038616,1.131017319,-0.965303468
2,-0.444298081,1.755451322,2.568457558,0.785821343,0.946782828,-0.890286805,-1.107644932
2,-1.266904539,-0.836428422,-1.223441099,-1.075230397,0.800321073,-0.752099991,0.898369495
2,0.709165412,2.081259408,0.822992715,0.755655838,-1.176943545,1.311858939,-1.073585531
2,-0.93611489,0.51174652,-1.180038593,-0.592674776,-1.081997237,1.174881895,-0.947679699
2,-1.709877471,-1.852288999,-1.304246855,-1.78022727,0.749231381,1.060268084,0.868314128
2,1.388729317,-0.706820017,-0.401890381,-0.140729313,-1.117502067,-0.78701608,0.963855445
2,-0.939747339,0.449036269,-1.024417414,-1.172317699,0.781073334,1.169047886,-0.937603804
2,-1.283117586,-0.374348304,-0.799520222,-1.13949451,0.808012808,-0.740786148,-0.924652481
2,-1.249572192,-1.750819919,-0.283587312,0.5370231,-1.144392932,-0.834791501,-1.063075883
2,-2.414310369,-1.0208005,-0.913568018,-0.436437677,0.822858418,-0.801455425,0.945847063
2,-0.025309543,-0.752376378,-0.171606706,-0.363135601,-1.108806629,1.151599198,0.958200151
2,0.048450415,0.644653976,0.309324232,0.509029433,0.902361164,1.228039447,1.008291587
2,0.947002454,-1.487040759,-0.154564464,0.741305916,-1.170835277,-0.867404913,-1.032995747
2,-0.556830662,0.866756619,0.379998151,-0.599939802,0.842423303,-0.812126602,-0.978919897
2,-0.302387517,1.301307411,2.006086168,1.430421278,0.983327866,-0.915058448,-1.107401965
2,-0.308501288,0.351576223,-0.580227267,-0.358962411,-1.099213876,-0.808920612,0.952995064
2,0.693461037,-0.819077496,-0.31483796,-0.683110623,0.818265053,-0.768624866,0.961448648
2,0.725931537,-0.835344661,-0.695913987,-1.101455633,0.789364189,-0.73160998,-1.016989156
2,-1.513149824,-0.419227208,-1.782170452,-1.651575025,0.763815177,-0.714473116,-0.880599618
2,-0.455802982,0.154552207,0.554150752,-0.329333302,0.857114788,-0.824271304,-0.998278017
2,-0.227071707,1.752961898,0.883726647,1.223700269,0.939382869,1.290106674,-1.087453728
2,-2.985777406,-0.045887092,-0.05596895,-1.863917749,-1.040258769,1.094917802,0.882040595
2,-1.529958379,0.279521349,-0.230946686,-0.260662366,-1.105156093,-0.908233785,-1.016591305
2,-0.096039229,2.529820386,1.111638758,0.430042356,-1.166069042,-0.887832678,1.038736368
2,-0.078733928,0.342985241,1.277040461,-0.147096189,-1.153500442,1.224977011,0.992692185
2,0.116012447,0.853266703,-0.787067796,-0.805691437,0.802634929,-0.790729831,-1.000667474
2,-1.584125677,-0.407992397,-0.852784813,-0.830961707,-1.068970029,-0.767826707,0.926079846
2,-0.938082702,0.700054476,-0.934419717,-1.168945509,0.782611098,1.16397127,-0.94175989
2,0.168958501,2.80674366,0.911412087,1.175953335,0.959068187,1.312669601,-1.072725047
2,-0.176212451,-1.688461472,-0.308064002,0.245893223,0.915676238,1.159259564,-1.002423855
2,1.532953493,-0.563293273,-0.317683431,-0.335246699,0.848126033,-0.776156229,-0.976132153
2,0.367997238,-1.128899086,-0.970415065,-0.126994034,-1.123694967,-0.790352672,-0.972056968
2,0.865035509,-0.047506947,0.005399616,-0.351495311,0.841281309,-0.787914588,0.980788719
2,-1.261376216,-0.269550288,-0.766730815,-1.293829784,-1.089768925,-0.757062494,0.894455881
2,-0.346131496,0.123803816,0.129238583,-0.472603819,0.837027127,1.221804345,0.984021496
2,0.722973517,0.644831639,0.710262168,0.215382717,0.90520262,-0.831661177,-1.020837877
2,-0.456086258,-0.859940481,-0.914693985,-0.261125695,0.877628127,-0.772562858,-0.965643423
2,-1.669986025,-0.421462096,-0.942007011,-1.12102877,0.786960844,-0.769105303,0.912635148
2,-3.939408433,-2.123779926,-1.687421576,-2.430996441,0.709589217,-0.650859688,0.827906816
2,-1.45143075,0.519811549,-0.402906757,-0.607969,-1.102962763,-0.790388127,-0.959299283
3,-0.795170579,-0.190340729,-0.884079611,0.232643581,0.863127786,1.194617492,-0.995609863
3,0.395610926,0.43386888,-0.827825847,-0.818987556,0.801648724,1.159692857,-0.969634194
3,-0.361467572,0.819646594,-0.942462401,-1.200650717,0.827057367,-0.766325097,0.895867379
3,0.390893972,1.811312969,-0.700237576,-0.378380548,0.825851957,1.234779493,1.012354056
3,-0.969953827,0.620385841,-1.171222209,-0.246027182,0.947683769,1.231805708,-0.961559637
3,0.282484019,-0.960266414,1.280549845,1.60863998,-1.259853397,-0.911928112,-1.100865178
3,-0.452588567,-0.925863164,-1.240987333,-0.106238227,-1.095101511,-0.799167378,-0.988434405
3,-1.677344832,0.177680649,-0.33331408,-0.649205519,0.819931997,-0.805642112,0.959026412
3,-0.419297825,-0.900094311,0.088442099,0.437699295,-1.148835493,-0.815898968,1.011954439
3,1.126397356,0.59075313,-0.474940309,-0.505136712,0.834292035,-0.818544116,0.943641777
3,-0.787232638,-0.316454593,-0.39910495,0.046555709,0.853872119,1.223537328,0.992878298
3,0.448282942,-0.476457397,0.652138088,-0.105694018,-1.136019963,-0.797432219,-1.009648667
3,0.698646274,-0.020484788,-0.04787418,0.110157749,0.902199857,1.206837079,-1.000574795
3,-1.273022169,-1.417206627,-1.128214246,-0.626146929,-1.080553022,1.135797687,0.925267099
3,0.693634886,-0.956493291,-0.829869707,-0.775045829,-1.113269569,-0.7594493,0.919380389
3,1.288177244,-0.594431775,1.653780319,0.565614286,0.964558351,-0.825426247,1.033015479
3,0.142764665,0.269561856,-0.216849253,-0.15742812,0.860288092,-0.845858726,0.964471457
3,0.736768529,-0.591015266,0.35729479,0.557314731,-1.15778656,-0.869120116,1.038916642
3,-0.675985131,-0.773160334,-1.242880117,-0.264974198,0.828203852,1.15622366,0.94424219
3,0.641232944,0.567409274,0.492039483,-0.669872962,-1.14579803,1.203731549,0.94925606
3,0.142769144,0.269575485,-0.216828872,-0.157400352,0.860289625,-0.845860948,0.964473312
3,-0.675949078,-0.773179925,-1.242862587,-0.264847256,0.828212993,1.15622903,0.944246456
3,0.339944694,-0.462608202,1.032266456,1.633679682,0.960460199,1.269659543,1.106211659
3,0.832787351,0.339649453,0.760382,1.064289168,-1.25136466,-1.025821371,1.041388576
3,-0.469866738,-0.153476907,0.221930334,0.246129254,-1.143317258,-0.81603905,-1.022709093
3,1.324041084,0.073799574,0.291732856,0.361266204,0.884054651,-0.935067999,1.013208552
3,1.259658331,0.345752154,0.608567376,0.196176767,0.882426586,-0.859857443,1.00819001
3,1.264021838,0.666688828,1.567499048,1.430279972,-1.249768497,-0.9692402,-1.097622181
3,1.127701958,-0.186034259,2.046237243,1.434643827,-1.23640318,-0.872357394,-1.119051287
3,1.501834522,-0.128067212,1.660682082,1.511503564,-1.241141783,-0.950137438,1.084531365
3,1.1376214,0.421116698,-0.033565075,-0.156721678,0.849800558,1.198588489,1.001244328
3,1.707085068,2.203311823,1.98646016,2.606803182,-1.33271213,-1.017881083,-1.163949925
3,0.641216421,0.567394443,0.492027907,-0.669891303,-1.14579854,1.203729872,0.949254909
3,0.736771852,-0.591012291,0.357254645,0.557336571,-1.157787683,-0.869131977,1.038901128
3,1.244191673,1.177532126,2.066939707,2.263710315,1.023919596,-0.979810136,-1.151306975
3,1.63482906,2.252414986,2.129909085,2.385808015,1.020703575,-1.005373447,-1.171819301
3,0.830534946,1.268137169,1.050419063,4.582061558,-1.381394132,-1.168771999,1.229889945
3,0.909158778,0.28804265,0.856328376,1.169129256,-1.218688202,-0.874854144,1.049700477
3,0.1044415,-0.304663348,-0.964463683,-1.160125506,-1.104826864,1.137893442,0.897435253
3,0.339942336,-0.462622179,1.032324869,1.633697441,0.960463121,1.269662792,1.106193208
3,0.832778751,0.339621463,0.760337604,1.064255214,-1.251354249,-1.025698606,1.04138606
3,-0.470201999,-0.153811071,0.222235416,0.244271677,-1.143276115,-0.815925351,-1.022534331
3,1.323632041,0.073637463,0.291638012,0.361222252,0.884044561,-0.93559062,1.013228688
3,1.259155717,0.345542466,0.608442775,0.196087222,0.882417216,-0.859865421,1.008190233
3,1.263168544,0.667097233,1.56764514,1.429195618,-1.249561458,-0.968732262,-1.097583237
3,1.126775261,-0.185990817,2.04654756,1.430422,-1.236193616,-0.87215982,-1.118849963
3,1.501215211,-0.1280882,1.660540897,1.511258833,-1.241217393,-0.950862765,1.084473086
3,0.104413988,-0.305732734,-0.965266143,-1.160791281,-1.104814108,1.137876526,0.897386742
3,-0.028819755,-0.195135472,-0.578818611,-0.118657224,-1.149517377,1.17714756,0.95707683
3,1.13770122,0.421171313,-0.033546504,-0.156704075,0.849801286,1.198589385,1.001264233
3,1.706660884,2.204584645,1.984530889,2.605966912,-1.332598975,-1.018044616,-1.163872521
3,1.244193697,1.177534753,2.066933951,2.263762725,1.02392692,-0.97980498,-1.151307647
3,1.634157922,2.255437891,2.128795543,2.384813507,1.020651872,-1.00562167,-1.171666662
3,0.830527875,1.268062187,1.050422962,4.58113648,-1.381327017,-1.168040411,1.229861338
3,0.908578578,0.288454827,0.85648234,1.167875487,-1.218750251,-0.874820031,1.049623684
3,0.197324972,0.031211093,1.042455336,0.338631663,-1.18490504,-0.840602004,1.010906288
3,0.448446735,-0.476219159,0.652028974,-0.10555126,-1.136024588,-0.797447042,-1.009654385
3,0.699186805,-0.020261849,-0.047697106,0.110070671,0.902141269,1.206825233,-1.000574836
3,-0.02877491,-0.195164429,-0.578969437,-0.118788279,-1.14949639,1.177139827,0.957067575
3,-1.273021259,-1.417181088,-1.128230342,-0.626138638,-1.08055336,1.135799383,0.925267105
3,0.693688999,-0.955959172,-0.830015485,-0.775021326,-1.113274197,-0.759453974,0.919378844
3,1.289406081,-0.592407488,1.64896361,0.56831391,0.964527466,-0.825643422,1.033062252
3,0.14278038,0.269561649,-0.216812298,-0.157380895,0.860290227,-0.845863904,0.964474817
3,0.736805797,-0.590973975,0.357185509,0.557379035,-1.157790422,-0.869163723,1.038863228
3,0.104439518,-0.302172802,-0.962833768,-1.158691409,-1.104824719,1.137930919,0.897537987
3,-0.795533649,-0.189534088,-0.883379276,0.233151533,0.863073322,1.19464956,0.973665718
3,0.395635061,0.432674842,-0.827752282,-0.818880648,0.801655008,1.159668112,0.947612783
3,-0.36180315,0.826283011,-0.941032314,-1.200444433,0.82695209,-0.766480383,-0.917944017
3,0.390573029,1.809531338,-0.700375009,-0.37815104,0.825861526,1.234536974,-1.033757565
3,0.197330906,0.031210749,1.042409771,0.338616631,-1.184905528,-0.840602368,1.010904514
3,-0.970298254,0.623836549,-1.17085607,-0.243597774,0.932311254,1.231209754,0.939650367
3,0.282254865,-0.960539802,1.28182553,1.608720308,-1.26008481,-0.91233586,1.078846219
3,-0.453106746,-0.925718923,-1.241282023,-0.107043782,-1.095038548,-0.799217111,0.966474326
3,-1.677512769,0.174002441,-0.328994006,-0.647661828,0.820086638,-0.805872094,-0.981267551
3,-0.419968646,-0.901481811,0.088879311,0.438400443,-1.148907035,-0.815878535,-1.033943609
3,1.126387613,0.591447833,-0.474847229,-0.505093761,0.8342862,-0.818582595,-0.96568915
3,-0.787810473,-0.318295564,-0.400106743,0.046716744,0.853873057,1.223185317,-1.014785781
3,-0.659952014,-0.423514117,-0.145430415,0.381284395,-1.14728056,1.202674755,-1.017884163
3,0.685041307,0.270917358,0.481604748,0.720270237,0.917991258,-0.869426672,-1.043568424
3,0.726866429,1.125555597,-0.108459147,1.093480867,0.918344213,-0.893701938,-1.05549296
3,0.448347521,-0.476382593,0.652107646,-0.10568758,-1.136017816,-0.79743483,-1.009650398
3,-0.253439264,0.099076097,-0.594874346,-0.215780903,0.951248959,-0.839022474,0.951772103
3,0.665607413,0.826577723,-0.372157865,0.039671057,0.890832505,-0.862497028,-0.99103027
3,0.874313573,-0.514528587,-0.19763552,-0.18129387,0.848007362,1.167157455,-0.996941782
3,-0.083226194,-0.901812814,-0.898124044,-0.916660887,-1.081065911,-0.75535676,-0.934109382
3,0.698639084,-0.020975748,-0.047573943,0.110172937,0.902238899,1.206839508,0.978542126
3,-1.173221821,-1.441960412,-0.954434471,-0.759952311,-1.067045203,-0.749747306,-0.964129751
3,-1.273055117,-1.416953353,-1.127689685,-0.625566824,-1.080597264,1.135804702,-0.947341864
3,-0.323878082,-0.809470134,-0.898192793,0.241678399,0.867560194,1.184597786,0.971902641
3,-0.370651753,0.298994337,1.230637874,2.201835592,0.995575045,1.302890491,1.120377997
3,-0.440523816,-0.615324205,-0.988393766,-0.374503147,-1.092506553,1.194431482,-0.964829863
3,0.698773482,-0.020427575,-0.04785405,0.110118342,0.902183613,1.206833421,-1.000573473
3,0.693879026,-0.956500877,-0.830396445,-0.774938416,-1.112979314,-0.759417162,-0.941417403
3,1.288290193,-0.59425822,1.653722852,0.56619069,0.963832599,-0.825467715,-1.055088915
3,0.14260611,0.269968521,-0.216666776,-0.158104632,0.860283564,-0.84595026,-0.986470976
3,0.67452918,-0.037473786,0.661495142,1.732166225,-1.242194331,-0.89823126,-1.096615623
3,0.989972575,0.450280095,1.160888213,-0.169838594,-1.151824163,1.211982153,-1.010978784
3,0.56663554,1.293328766,1.869942815,0.51128773,0.935590324,1.24342357,-1.058329688
3,0.736714502,-0.590556985,0.357529445,0.557649394,-1.157793051,-0.869035467,-1.061286968
3,-0.675361509,-0.772963781,-1.24286659,-0.264730413,0.828172135,1.156245564,-0.966338514
3,-0.657374305,0.33881492,0.598969338,-0.871346118,0.827532823,1.162100393,-0.978785271
3,0.407144865,-0.776974185,-0.119851613,0.147740814,0.863313953,1.178602962,1.071500392
3,-1.273018902,-1.417178749,-1.128229155,-0.626129028,-1.080553462,1.135799486,0.925267815
3,-0.43260236,1.645061884,-0.137129479,-0.033262261,0.896111494,1.248473087,0.969615519
3,1.196164685,-0.48377454,1.258892049,0.899138559,0.940453431,-0.851459741,-1.067406072
3,-0.659540607,-1.813425173,0.84818332,-1.435566392,0.816193366,1.073577041,-0.941891856
3,1.172964853,-0.379389607,-0.503253797,1.079675558,0.905273397,1.239325897,-1.057504424
3,0.742321875,-0.332936649,0.371004633,0.580361002,-1.277606317,-0.8663002,1.009784867
3,0.641694887,0.568376392,0.491495046,-0.669367526,-1.145652938,1.203919875,-0.971311045
3,1.046600369,1.782758424,1.736992728,0.987468508,0.977196898,1.295493092,-1.077978692
3,-0.299535617,-0.724011586,-1.516392074,-1.160842433,0.782279043,1.128866594,-0.913002974
3,-0.247916708,0.883390511,-0.641893715,-0.974670151,-1.068063346,1.178762284,-0.941651452
3,1.044935054,0.936462813,-0.44106056,-0.148454131,-1.122696362,-0.821140503,0.960245378
3,0.693641822,-0.956276713,-0.829860533,-0.775039577,-1.113272821,-0.759451438,0.919380846
3,0.592580313,-0.149246621,-0.671474807,-0.453146806,-1.087894265,-0.785158798,-0.984429786
3,-0.483159472,0.437861229,0.090042591,-0.202266322,-1.11965048,-0.808518402,0.973397657
3,0.764631672,0.312295913,0.157987186,0.334193182,0.882504584,1.238776705,-1.025424666
3,0.852615986,1.263902394,0.99355054,2.126002047,-1.24857273,1.354949659,-1.180912483
3,0.220520587,-0.244360227,3.367134205,-0.853224138,-1.142539938,-0.80788129,-1.054618827
3,-0.030326345,-0.321415234,-1.230646293,-1.159107313,-1.041446975,1.147697594,0.91992064
3,0.389105855,-0.976398866,-0.113786895,-0.154645107,-1.11939511,-0.78494736,0.970696213
3,0.328251295,1.300759683,0.146067939,0.01429277,-1.130220942,-0.856455291,-1.009553453
3,0.104464654,-0.307496647,-0.966441406,-1.161824556,-1.104821658,1.137851053,0.897312691
3,-0.028721187,-0.195193267,-0.579079471,-0.118913543,-1.149458471,1.177132957,0.957059594
3,1.28855965,-0.593765622,1.652213224,0.566534658,0.96454677,-0.825497426,1.033032844
3,0.197340724,0.031201934,1.042509427,0.338559533,-1.184899036,-0.840599192,1.01090394
4,0.383296651,-0.834546968,-0.616008662,-0.725586524,0.81117693,1.139498114,0.946513924
4,-0.999185161,-0.53807977,-0.161272875,-1.64185113,-1.086369844,1.108333994,-0.910245114
4,-1.176577901,-1.714734368,-0.930866826,-0.197288643,0.830683991,1.214936691,-1.058914998
4,1.336315445,-0.750718151,-0.186265313,0.119288492,0.861271007,1.176489394,1.003790451
4,0.230247646,-1.021166586,0.27787086,0.16598721,0.881806115,1.172644921,-1.013720098
4,0.76634859,0.872937309,2.674607587,-0.318963568,-1.167474449,-0.816003503,-1.033453834
4,0.484993272,0.427187638,-0.098637716,-0.962412639,-1.103681865,-0.769452523,0.923889664
4,-0.927022076,-0.393993672,-1.261494959,-0.383296601,0.825720071,-0.797845727,-0.95716649
4,0.600026218,-0.303249421,-0.657899799,-0.224741119,0.840698066,1.169492868,0.957684821
4,0.573139628,-0.450787524,0.874794812,-0.450849933,0.855382956,-0.78267717,0.978902886
4,1.214946953,0.992321079,1.373835265,0.42828086,-1.170937663,-0.881615777,-1.065146778
4,0.579411249,-0.223850048,-0.84238241,0.018626701,0.866400745,1.182981326,0.959976821
4,0.24883401,-0.021702665,-1.676265084,-1.120436056,0.795112999,-0.756810992,-0.909029828
4,0.248601185,-0.022235747,-1.676611293,-1.120754466,0.795104743,-0.756792717,0.886967729
4,0.501496037,-0.817202807,1.619683959,0.246457515,0.906814962,-0.842039447,1.024191116
4,0.50160341,-0.817447926,1.620008876,0.247198091,0.906913465,-0.84207864,-1.04620606
4,0.300138302,-0.734584908,0.33918522,-0.057941553,-1.130336151,-0.793214405,0.987204839
4,0.300023409,-0.733907538,0.339039806,-0.057707449,-1.130365795,-0.793225455,-1.009216265
4,0.264272814,-0.635883146,0.761475937,-0.407398523,0.914105241,-0.774155204,-0.989446264
4,-0.680997146,-1.981521799,0.899710957,0.676710164,-1.174211814,1.179623537,-1.073177569
4,-0.46037554,0.387328722,-1.469295198,-0.56675659,-1.067147251,-0.787008658,-0.96455502
4,-0.506292691,-0.414760382,0.024354622,-0.82863884,0.817688207,-0.769915345,-0.977418305
4,-1.704424182,-1.396427771,-0.510828994,-0.720165199,-1.076799978,-0.744740597,-0.983951702
4,-1.704843754,-1.396761294,-0.509765208,-0.721150784,-1.076778859,-0.744715443,0.961628006
4,1.092890464,1.071347456,-0.370533772,-0.50311072,0.826847385,-0.815937643,-0.985641121
4,-2.520959335,-1.423584015,-0.148527351,-1.701561187,-1.057231014,1.076774877,0.886353075
4,0.76060542,-0.319125648,-0.074120868,-0.103265294,0.858586842,1.174807523,0.973811322
4,0.724948309,0.122648812,-0.417325202,-0.672693848,0.816706511,-0.826551094,0.963119353
4,0.724757943,0.122696121,-0.417547639,-0.672790828,0.816697583,-0.826516584,-0.985145687
4,-0.2105787,-0.228148823,-0.209195021,0.432038472,-1.161155732,-0.82525261,0.992845241
4,0.542314123,0.016456968,-0.248312904,-0.633055016,0.831153014,-0.776249868,0.94194165
4,-1.694178385,-2.227226,-1.304164238,-0.855644064,-1.067212997,1.102843291,-0.931790589
4,0.887679329,0.674890949,0.132396719,1.307429739,-1.212160069,-0.947633848,1.043172379
4,0.76018745,-0.318223657,-0.073473237,-0.104182625,0.858538994,1.174782569,-0.995828662
4,0.896171406,0.475512703,0.472623546,0.16693601,0.881743308,1.236465021,-1.020380738
4,0.895818953,0.476272179,0.47203807,0.166167806,0.881745147,1.236235285,0.998235636
4,0.429300551,-1.115525463,-1.209516602,-1.268546722,-1.099013199,-0.733233383,0.887412285
4,-0.236181615,-0.118387434,-1.071212683,-1.021306869,0.846433402,-0.835278817,0.90242542
4,-0.236432225,-0.116227821,-1.069927959,-1.020934441,0.846535368,-0.836344198,-0.924506309
4,0.259500716,0.414506475,0.722489599,-0.950024037,0.825434979,1.194683456,0.956956081
4,0.052279025,1.856380122,-0.639108824,-0.528983092,0.82125823,-0.849729315,-0.974692411
4,-0.661491576,0.081214493,1.153782951,2.45620549,1.005699944,-0.94691441,-1.158508784
4,-0.768531214,0.195143315,-0.430874078,-0.782645078,0.815312736,1.153704384,0.935764894
4,0.378679746,1.22547584,-0.089956763,-0.353776034,-1.103776135,-0.822163587,0.978524361
4,1.210821276,0.023004787,0.08225031,0.226763475,-1.136707749,-0.819045321,-1.029855006
4,1.330465639,3.381905698,-0.075724877,-0.318290061,0.842459117,-0.875772085,-0.995777065
4,-0.102127544,-1.102788761,-0.211632542,-1.16165863,0.795388657,1.108537623,0.991782709
4,-2.255697028,-1.079491815,0.382699989,-2.20593224,0.756764091,-0.6877959,-0.90516589
4,-0.433076371,-1.240694308,-0.015029557,-0.607095123,-1.103104327,1.145568446,-0.96863267
4,0.692766331,-0.010686761,-1.08593113,-0.462144512,0.814440689,-0.836691971,0.982187999
4,-0.305023612,0.952770536,-0.403739258,-0.187072986,-1.134742544,-0.824955289,-0.979352073
4,-0.306704786,-0.550953078,-0.314870462,-0.442503243,0.858004646,-0.7930197,-0.96822974
4,2.105617314,0.831041684,1.322545992,0.106879277,-1.172465796,-0.83988399,1.005150891
4,1.145896604,-0.671614906,0.241278345,0.079885903,-1.143043582,-0.821110523,-1.007770052
4,-0.840922581,-1.731790648,-1.574987725,-0.993201783,-1.055143984,-0.718955005,-0.919849382
4,0.906061449,2.136757158,1.581808054,0.901548303,0.933305299,-0.977418392,1.111366865
4,1.182724442,0.861703539,1.640443986,2.057401609,1.011909298,-0.941985241,-1.131309585
4,0.579694305,-0.223528244,-0.842168865,0.019402124,0.86637776,1.183027785,-0.982065375
4,0.2648011,-0.635322047,0.760242689,-0.407044834,0.91446376,-0.774185142,0.967402015
4,-0.680304724,-1.98128567,0.904596199,0.67838671,-1.17435909,1.17965709,1.051717683
4,-0.459793792,0.385967564,-1.469467325,-0.56590113,-1.067182209,-0.787018436,0.94261225
4,1.092809555,1.069437339,-0.370226314,-0.50317063,0.826842803,-0.815920842,0.963665821
4,-0.210212158,-0.228961862,-0.209493238,0.433064969,-1.161154984,-0.825267714,-1.014936369
4,0.542463977,0.016009899,-0.2475804,-0.632865968,0.831167612,-0.776247692,-0.964008411
4,-1.696955975,-2.229243662,-1.304350888,-0.858872876,-1.066852579,1.102772101,0.909665025
4,0.429563763,-1.115094825,-1.208853503,-1.268322876,-1.099032723,-0.733261349,-0.90947428
4,-0.751788813,-1.251996665,-1.295410347,-1.713094918,0.816130573,-0.734683759,0.863453429
4,-0.7185038,-0.820789221,-0.994625131,-1.247506177,-1.043908271,-0.728011882,-0.927421234
4,-0.718539034,-0.820421872,-0.994705491,-1.247890183,-1.043888247,-0.72799935,0.905359648
4,0.382899404,-0.834134753,-0.616007288,-0.725567909,0.811180895,1.139506259,-0.968532093
4,-0.6169073,0.232520585,-0.071379071,0.204573052,0.880867886,-0.825335044,0.985526783
4,-0.616731494,0.231763648,-0.071044735,0.202081989,0.880625469,-0.825240543,-1.007487468
4,-0.99925743,-0.538666163,-0.159648583,-1.642244582,-1.086553974,1.108284166,0.888216031
4,-1.176350918,-1.714982488,-0.931763232,-0.197836957,0.830639476,1.21487358,1.036894359
4,1.335723889,-0.749715294,-0.185488135,0.119355996,0.861287818,1.176506901,-1.025864015
4,0.229753896,-1.021057729,0.276816072,0.165759984,0.881795186,1.172631143,0.991639184
4,0.766027305,0.871494507,2.678497128,-0.319023964,-1.167390581,-0.815934762,1.011560708
4,0.484897171,0.428153984,-0.098142198,-0.962803778,-1.103665969,-0.769445862,-0.945917842
4,-0.927361833,-0.393391956,-1.261421947,-0.384130696,0.825721839,-0.797753612,0.935065347
4,-0.751116599,-1.251934818,-1.295646678,-1.713088756,0.815731394,-0.734710849,-0.885488128
4,0.747296223,-0.281230201,0.880470307,-0.007415053,-1.138562474,1.183979412,1.063181247
4,-0.846249292,-0.975352698,-0.770860158,1.384178325,-1.189028132,-0.869410596,-1.054973137
4,-0.845974118,-0.975064234,-0.770451121,1.379994987,-1.188828072,-0.869159328,1.032730145
4,0.59998328,-0.303233417,-0.658035431,-0.224608485,0.84068732,1.169499398,-0.97974425
4,-0.25598992,-0.368689793,-0.701406927,-0.51802455,-1.089490045,1.164796769,0.942043286
4,-0.25599978,-0.368596907,-0.701642332,-0.518019461,-1.089465644,1.164854292,-0.964100139
4,0.573062775,-0.449448779,0.869331978,-0.449667555,0.855327445,-0.782811206,-1.000927778
4,0.921495842,-0.236489009,0.735180794,-0.214037977,-1.135388013,1.17130371,-1.003197067
4,0.921684392,-0.235948523,0.734507879,-0.214119686,-1.135300097,1.171310138,0.981183323
4,1.214682136,0.991816825,1.375337762,0.42828256,-1.17095744,-0.881574629,1.043207786
4,-0.506416409,-0.413292087,0.025018584,-0.828832396,0.817691017,-0.769903143,0.955381046
4,0.907800825,-0.29373478,0.546508126,0.665609097,0.903635698,-0.868231422,1.035937816
4,0.907875678,-0.293764479,0.546397725,0.666173432,0.903656753,-0.868242535,-1.058032288
4,0.887500976,0.675156149,0.132562777,1.307251822,-1.212182386,-0.947601215,-1.065201082
4,0.581000085,-0.644287518,-0.711768055,-0.925535262,-1.076137042,-0.744854268,0.916767739
4,0.580983339,-0.644013239,-0.711422486,-0.925937107,-1.076128687,-0.744842278,-0.938790531
4,0.74749998,-0.281193151,0.879369422,-0.007569103,-1.13853461,1.183964608,-1.084352089
4,0.205322131,-0.570956247,0.424756934,-0.969849209,-1.083114561,1.126368465,-0.972977142
4,1.112430732,0.232721107,0.98795402,0.384367643,0.956315656,-0.853645685,1.011439488
4,1.112483663,0.2318918,0.988286289,0.384460575,0.956229269,-0.853667879,-1.033488966
4,0.26016281,0.412848095,0.719919929,-0.948440436,0.825447855,1.194481403,-0.979119431
4,0.05210164,1.8638482,-0.639655947,-0.529716284,0.821201253,-0.849702402,0.952653295
4,0.178571252,0.04690043,1.060467774,2.260724569,-1.258331846,-0.917942554,1.125403063
4,0.178927567,0.046822776,1.065015647,2.260422281,-1.258448817,-0.917924522,-1.147265324
4,-0.660697366,0.082587779,1.157751429,2.443472467,1.004906688,-0.945410875,1.13710067
4,-0.7677274,0.191500888,-0.429979111,-0.781056122,0.815355627,1.153688412,-0.957986172
4,0.378228699,1.227254609,-0.089803852,-0.354126148,-1.103763646,-0.822204942,-1.000523307
4,1.210711507,0.024260554,0.082971193,0.226586666,-1.136720923,-0.819069226,1.007757433
4,1.330503495,3.371292824,-0.075673644,-0.318060031,0.842461783,-0.875799583,0.973798803
4,-0.101940929,-1.103046178,-0.209733224,-1.161493075,0.795432183,1.108552531,-1.015298241
4,0.205816388,-0.569510169,0.421981805,-0.969554025,-1.083071545,1.126415774,0.95093293
4,0.841857354,-0.665617041,-0.2361277,-0.216342116,-1.107378216,-0.810546163,-1.015664718
4,-2.255934472,-1.080275836,0.373148404,-2.206038962,0.75658306,-0.68783221,0.882935457
4,-0.433755161,-1.241556381,-0.015808073,-0.607488537,-1.10308118,1.145516649,0.946554918
4,0.692516758,-0.012586348,-1.086194858,-0.462713892,0.814406894,-0.836639191,-1.0042053
4,-0.304812569,0.953064613,-0.402192247,-0.187923523,-1.134561438,-0.824994094,0.957309092
4,-0.307618031,-0.551116787,-0.316447862,-0.442664309,0.857761465,-0.793120454,0.946166907
4,-0.356523689,-0.694136412,0.02433497,0.845342196,0.903613321,1.244171123,-1.05426864
4,-0.356780155,-0.694780647,0.023992592,0.84254295,0.903486222,1.244014771,1.03200458
4,2.104001479,0.831177601,1.321673922,0.107101862,-1.172433924,-0.839930382,-1.027188462
4,1.145656165,-0.671552432,0.24118236,0.079395966,-1.143016699,-0.821101179,0.985705376
4,-0.840951749,-1.731040239,-1.574548449,-0.993117154,-1.055157966,-0.718980162,0.897822832
4,0.905895584,2.14115592,1.580739279,0.901192038,0.933265341,-0.976261297,-1.134519706
4,0.841854836,-0.666036013,-0.236108208,-0.216845704,-1.107352374,-0.810552444,0.99362635
4,-2.520332623,-1.422611859,-0.145334412,-1.70169488,-1.057234259,1.076739526,-0.908449325
4,1.18234362,0.862601141,1.64074287,2.056323817,1.011844768,-0.941953744,1.109225266
